valores = [
0	0.000002
1000	0.000003
2000	0.000004
3000	0.000005
4000	0.000006
5000	0.000007
6000	0.000008
7000	0.000009
8000	0.000010
9000	0.000011
10000	0.000012
11000	0.000013
12000	0.000014
13000	0.000015
14000	0.000016
15000	0.000017
16000	0.000018
17000	0.000019
18000	0.000020
19000	0.000021
20000	0.000022
21000	0.000023
22000	0.000024
23000	0.000025
24000	0.000026
25000	0.000027
26000	0.000028
27000	0.000029
28000	0.000030
29000	0.000031
30000	0.000032
31000	0.000033
32000	0.000034
33000	0.000035
34000	0.000036
35000	0.000037
36000	0.000038
37000	0.000039
38000	0.000040
39000	0.000041
40000	0.000042
41000	0.000043
42000	0.000044
43000	0.000045
44000	0.000046
45000	0.000047
46000	0.000048
47000	0.000049
48000	0.000050
49000	0.000051
50000	0.000052
51000	0.000053
52000	0.000054
53000	0.000055
54000	0.000056
55000	0.000057
56000	0.000058
57000	0.000059
58000	0.000060
59000	0.000061
60000	0.000062
61000	0.000063
62000	0.000064
63000	0.000065
64000	0.000066
65000	0.000067
66000	0.000068
67000	0.000069
68000	0.000070
69000	0.000071
70000	0.000072
71000	0.000073
72000	0.000074
73000	0.000075
74000	0.000076
75000	0.000077
76000	0.000078
77000	0.000079
78000	0.000080
79000	0.000081
80000	0.000082
81000	0.000082
82000	0.000084
83000	0.000085
84000	0.000086
85000	0.000087
86000	0.000087
87000	0.000088
88000	0.000089
89000	0.000090
90000	0.000091
91000	0.000092
92000	0.000093
93000	0.000094
94000	0.000095
95000	0.000096
96000	0.000098
97000	0.000098
98000	0.000099
99000	0.000100
]